eval_loss=3.6168367862701416
eval_runtime=0.7374
eval_samples_per_second=58.312
eval_steps_per_second=14.917
epoch=1.0
perplexity=37.21964771645287
